 
****************************************
Report : net
Design : ws2812
Version: P-2019.03-SP3
Date   : Mon May  6 23:31:37 2024
****************************************


Operating Conditions: worst   Library: smic18_ss
Wire Load Model Mode: segmented

Design        Wire Load Model            Library
------------------------------------------------
ws2812                 reference_area_10000000 smic18_ss
ws2812_DW01_dec_1      reference_area_20000 smic18_ss


Attributes:
   dr - drc disabled
    d - dont_touch
    I - ideal_network
    h - high fanout

Net Fanout Fanin     Load      LoadUR    LoadUF    LoadLR    LoadLF    Resist    Pins      Attr
-----------------------------------------------------------------------------------------------
N99      5      1        0.09      0.09      0.09      0.09      0.09      0.10       6    
N100      5      1       0.09      0.09      0.09      0.09      0.09      0.10       6    
N101      3      1       0.05      0.05      0.05      0.05      0.05      0.05       4    
N119      1      1       0.01      0.01      0.01      0.01      0.01      0.01       2    
N120      1      1       0.01      0.01      0.01      0.01      0.01      0.01       2    
N121      1      1       0.01      0.01      0.01      0.01      0.01      0.01       2    
N122      1      1       0.01      0.01      0.01      0.01      0.01      0.01       2    
N123      1      1       0.01      0.01      0.01      0.01      0.01      0.01       2    
N124      1      1       0.01      0.01      0.01      0.01      0.01      0.01       2    
N125      1      1       0.01      0.01      0.01      0.01      0.01      0.01       2    
N126      1      1       0.01      0.01      0.01      0.01      0.01      0.01       2    
N127      1      1       0.01      0.01      0.01      0.01      0.01      0.01       2    
N128      1      1       0.01      0.01      0.01      0.01      0.01      0.01       2    
N129      1      1       0.01      0.01      0.01      0.01      0.01      0.01       2    
N130      1      1       0.01      0.01      0.01      0.01      0.01      0.01       2    
N131      1      1       0.01      0.01      0.01      0.01      0.01      0.01       2    
N132      1      1       0.01      0.01      0.01      0.01      0.01      0.01       2    
N133      1      1       0.01      0.01      0.01      0.01      0.01      0.01       2    
N134      1      1       0.01      0.01      0.01      0.01      0.01      0.01       2    
N135      1      1       0.01      0.01      0.01      0.01      0.01      0.01       2    
N136      1      1       0.01      0.01      0.01      0.01      0.01      0.01       2    
N137      1      1       0.01      0.01      0.01      0.01      0.01      0.01       2    
N138      1      1       0.01      0.01      0.01      0.01      0.01      0.01       2    
N139      1      1       0.01      0.01      0.01      0.01      0.01      0.01       2    
N140      1      1       0.01      0.01      0.01      0.01      0.01      0.01       2    
N141      1      1       0.01      0.01      0.01      0.01      0.01      0.01       2    
N142      1      1       0.01      0.01      0.01      0.01      0.01      0.01       2    
N148      1      1       0.02      0.02      0.02      0.02      0.02      0.02       2    
N149      1      1       0.02      0.02      0.02      0.02      0.02      0.02       2    
N150      1      1       0.02      0.02      0.02      0.02      0.02      0.02       2    
N151      1      1       0.02      0.02      0.02      0.02      0.02      0.02       2    
N152      1      1       0.02      0.02      0.02      0.02      0.02      0.02       2    
N153      1      1       0.02      0.02      0.02      0.02      0.02      0.02       2    
N154      1      1       0.02      0.02      0.02      0.02      0.02      0.02       2    
N155      1      1       0.02      0.02      0.02      0.02      0.02      0.02       2    
N156      1      1       0.02      0.02      0.02      0.02      0.02      0.02       2    
N157      1      1       0.02      0.02      0.02      0.02      0.02      0.02       2    
N158      1      1       0.02      0.02      0.02      0.02      0.02      0.02       2    
N159      1      1       0.02      0.02      0.02      0.02      0.02      0.02       2    
N215      2      1       0.04      0.04      0.04      0.04      0.04      0.03       3    
N216      1      1       0.02      0.02      0.02      0.02      0.02      0.01       2    
N217      1      1       0.02      0.02      0.02      0.02      0.02      0.01       2    
N218      1      1       0.01      0.01      0.01      0.01      0.01      0.01       2    
N219      1      1       0.02      0.02      0.02      0.02      0.02      0.01       2    
N257      1      1       0.01      0.01      0.01      0.01      0.01      0.01       2    
N258      1      1       0.01      0.01      0.01      0.01      0.01      0.01       2    
N259      1      1       0.01      0.01      0.01      0.01      0.01      0.01       2    
N260      1      1       0.01      0.01      0.01      0.01      0.01      0.01       2    
N261      1      1       0.01      0.01      0.01      0.01      0.01      0.01       2    
N262      1      1       0.01      0.01      0.01      0.01      0.01      0.01       2    
N263      1      1       0.01      0.01      0.01      0.01      0.01      0.01       2    
N264      1      1       0.01      0.01      0.01      0.01      0.01      0.01       2    
N265      1      1       0.01      0.01      0.01      0.01      0.01      0.01       2    
N266      1      1       0.01      0.01      0.01      0.01      0.01      0.01       2    
N267      1      1       0.01      0.01      0.01      0.01      0.01      0.01       2    
N268      1      1       0.01      0.01      0.01      0.01      0.01      0.01       2    
N269      1      1       0.01      0.01      0.01      0.01      0.01      0.01       2    
bit_counter[0]      3      1     0.03     0.03     0.03     0.03     0.03     0.04      4  
bit_counter[1]      2      1     0.03     0.03     0.03     0.03     0.03     0.03      3  
bit_counter[2]      2      1     0.03     0.03     0.03     0.03     0.03     0.03      3  
bit_counter[3]      2      1     0.03     0.03     0.03     0.03     0.03     0.03      3  
bit_counter[4]      3      1     0.04     0.04     0.04     0.04     0.04     0.05      4  
bit_counter[5]      3      1     0.04     0.04     0.04     0.04     0.04     0.05      4  
bit_counter[6]      3      1     0.04     0.04     0.04     0.04     0.04     0.05      4  
bit_counter[7]      3      1     0.04     0.04     0.04     0.04     0.04     0.05      4  
bit_counter[8]      2      1     0.03     0.03     0.03     0.03     0.03     0.03      3  
bit_counter[9]      3      1     0.04     0.04     0.04     0.04     0.04     0.05      4  
bit_counter[10]      2      1     0.03     0.03     0.03     0.03     0.03     0.03      3 
bit_counter[11]      2      1     0.04     0.04     0.04     0.04     0.04     0.04      3 
clk    238      1        2.14      2.14      2.14      2.14      2.14      2.32     239    dr, d, h
data      1      1       0.15      0.15      0.15      0.15      0.15      0.01       2    
led_color[0]      1      1     0.01     0.01     0.01     0.01     0.01     0.01      2    
led_color[1]      1      1     0.01     0.01     0.01     0.01     0.01     0.01      2    
led_color[2]      1      1     0.01     0.01     0.01     0.01     0.01     0.01      2    
led_color[3]      1      1     0.02     0.02     0.02     0.02     0.02     0.01      2    
led_color[4]      1      1     0.01     0.01     0.01     0.01     0.01     0.01      2    
led_color[5]      1      1     0.01     0.01     0.01     0.01     0.01     0.01      2    
led_color[6]      1      1     0.01     0.01     0.01     0.01     0.01     0.01      2    
led_color[7]      1      1     0.01     0.01     0.01     0.01     0.01     0.01      2    
led_color[8]      1      1     0.01     0.01     0.01     0.01     0.01     0.01      2    
led_color[9]      1      1     0.01     0.01     0.01     0.01     0.01     0.01      2    
led_color[10]      1      1     0.01     0.01     0.01     0.01     0.01     0.01      2   
led_color[11]      1      1     0.01     0.01     0.01     0.01     0.01     0.01      2   
led_color[12]      1      1     0.01     0.01     0.01     0.01     0.01     0.01      2   
led_color[13]      1      1     0.01     0.01     0.01     0.01     0.01     0.01      2   
led_color[14]      1      1     0.01     0.01     0.01     0.01     0.01     0.01      2   
led_color[15]      1      1     0.01     0.01     0.01     0.01     0.01     0.01      2   
led_color[16]      1      1     0.01     0.01     0.01     0.01     0.01     0.01      2   
led_color[17]      1      1     0.01     0.01     0.01     0.01     0.01     0.01      2   
led_color[18]      1      1     0.01     0.01     0.01     0.01     0.01     0.01      2   
led_color[19]      1      1     0.01     0.01     0.01     0.01     0.01     0.01      2   
led_color[20]      1      1     0.01     0.01     0.01     0.01     0.01     0.01      2   
led_color[21]      1      1     0.01     0.01     0.01     0.01     0.01     0.01      2   
led_color[22]      1      1     0.01     0.01     0.01     0.01     0.01     0.01      2   
led_color[23]      1      1     0.01     0.01     0.01     0.01     0.01     0.01      2   
led_num[0]      5      1     0.09     0.09     0.09     0.09     0.09      0.10       6    
led_num[1]      5      1     0.09     0.09     0.09     0.09     0.09      0.10       6    
led_num[2]      2      1     0.03     0.03     0.03     0.03     0.03      0.03       3    
led_num[3]      1      1     0.01     0.01     0.01     0.01     0.01      0.01       2    
led_num[4]      1      1     0.01     0.01     0.01     0.01     0.01      0.01       2    
led_num[5]      1      1     0.01     0.01     0.01     0.01     0.01      0.01       2    
led_num[6]      1      1     0.01     0.01     0.01     0.01     0.01      0.01       2    
led_num[7]      1      1     0.01     0.01     0.01     0.01     0.01      0.01       2    
led_reg[0][0]      1      1     0.01     0.01     0.01     0.01     0.01     0.01      2   
led_reg[0][1]      1      1     0.01     0.01     0.01     0.01     0.01     0.01      2   
led_reg[0][2]      1      1     0.01     0.01     0.01     0.01     0.01     0.01      2   
led_reg[0][3]      1      1     0.01     0.01     0.01     0.01     0.01     0.01      2   
led_reg[0][4]      1      1     0.01     0.01     0.01     0.01     0.01     0.01      2   
led_reg[0][5]      1      1     0.01     0.01     0.01     0.01     0.01     0.01      2   
led_reg[0][6]      1      1     0.01     0.01     0.01     0.01     0.01     0.01      2   
led_reg[0][7]      1      1     0.01     0.01     0.01     0.01     0.01     0.01      2   
led_reg[0][8]      1      1     0.01     0.01     0.01     0.01     0.01     0.01      2   
led_reg[0][9]      1      1     0.01     0.01     0.01     0.01     0.01     0.01      2   
led_reg[0][10]      1      1     0.01     0.01     0.01     0.01     0.01     0.01      2  
led_reg[0][11]      1      1     0.01     0.01     0.01     0.01     0.01     0.01      2  
led_reg[0][12]      1      1     0.01     0.01     0.01     0.01     0.01     0.01      2  
led_reg[0][13]      1      1     0.01     0.01     0.01     0.01     0.01     0.01      2  
led_reg[0][14]      1      1     0.01     0.01     0.01     0.01     0.01     0.01      2  
led_reg[0][15]      1      1     0.01     0.01     0.01     0.01     0.01     0.01      2  
led_reg[0][16]      1      1     0.01     0.01     0.01     0.01     0.01     0.01      2  
led_reg[0][17]      1      1     0.01     0.01     0.01     0.01     0.01     0.01      2  
led_reg[0][18]      1      1     0.01     0.01     0.01     0.01     0.01     0.01      2  
led_reg[0][19]      1      1     0.01     0.01     0.01     0.01     0.01     0.01      2  
led_reg[0][20]      1      1     0.01     0.01     0.01     0.01     0.01     0.01      2  
led_reg[0][21]      1      1     0.01     0.01     0.01     0.01     0.01     0.01      2  
led_reg[0][22]      1      1     0.01     0.01     0.01     0.01     0.01     0.01      2  
led_reg[0][23]      1      1     0.01     0.01     0.01     0.01     0.01     0.01      2  
led_reg[1][0]      1      1     0.01     0.01     0.01     0.01     0.01     0.01      2   
led_reg[1][1]      1      1     0.01     0.01     0.01     0.01     0.01     0.01      2   
led_reg[1][2]      1      1     0.01     0.01     0.01     0.01     0.01     0.01      2   
led_reg[1][3]      1      1     0.01     0.01     0.01     0.01     0.01     0.01      2   
led_reg[1][4]      1      1     0.01     0.01     0.01     0.01     0.01     0.01      2   
led_reg[1][5]      1      1     0.01     0.01     0.01     0.01     0.01     0.01      2   
led_reg[1][6]      1      1     0.01     0.01     0.01     0.01     0.01     0.01      2   
led_reg[1][7]      1      1     0.01     0.01     0.01     0.01     0.01     0.01      2   
led_reg[1][8]      1      1     0.01     0.01     0.01     0.01     0.01     0.01      2   
led_reg[1][9]      1      1     0.01     0.01     0.01     0.01     0.01     0.01      2   
led_reg[1][10]      1      1     0.01     0.01     0.01     0.01     0.01     0.01      2  
led_reg[1][11]      1      1     0.01     0.01     0.01     0.01     0.01     0.01      2  
led_reg[1][12]      1      1     0.01     0.01     0.01     0.01     0.01     0.01      2  
led_reg[1][13]      1      1     0.01     0.01     0.01     0.01     0.01     0.01      2  
led_reg[1][14]      1      1     0.01     0.01     0.01     0.01     0.01     0.01      2  
led_reg[1][15]      1      1     0.01     0.01     0.01     0.01     0.01     0.01      2  
led_reg[1][16]      1      1     0.01     0.01     0.01     0.01     0.01     0.01      2  
led_reg[1][17]      1      1     0.01     0.01     0.01     0.01     0.01     0.01      2  
led_reg[1][18]      1      1     0.01     0.01     0.01     0.01     0.01     0.01      2  
led_reg[1][19]      1      1     0.01     0.01     0.01     0.01     0.01     0.01      2  
led_reg[1][20]      1      1     0.01     0.01     0.01     0.01     0.01     0.01      2  
led_reg[1][21]      1      1     0.01     0.01     0.01     0.01     0.01     0.01      2  
led_reg[1][22]      1      1     0.01     0.01     0.01     0.01     0.01     0.01      2  
led_reg[1][23]      1      1     0.01     0.01     0.01     0.01     0.01     0.01      2  
led_reg[2][0]      1      1     0.02     0.02     0.02     0.02     0.02     0.01      2   
led_reg[2][1]      1      1     0.02     0.02     0.02     0.02     0.02     0.01      2   
led_reg[2][2]      1      1     0.02     0.02     0.02     0.02     0.02     0.01      2   
led_reg[2][3]      1      1     0.02     0.02     0.02     0.02     0.02     0.01      2   
led_reg[2][4]      1      1     0.02     0.02     0.02     0.02     0.02     0.01      2   
led_reg[2][5]      1      1     0.01     0.01     0.01     0.01     0.01     0.01      2   
led_reg[2][6]      1      1     0.02     0.02     0.02     0.02     0.02     0.01      2   
led_reg[2][7]      1      1     0.02     0.02     0.02     0.02     0.02     0.01      2   
led_reg[2][8]      1      1     0.02     0.02     0.02     0.02     0.02     0.01      2   
led_reg[2][9]      1      1     0.02     0.02     0.02     0.02     0.02     0.01      2   
led_reg[2][10]      1      1     0.02     0.02     0.02     0.02     0.02     0.01      2  
led_reg[2][11]      1      1     0.01     0.01     0.01     0.01     0.01     0.01      2  
led_reg[2][12]      1      1     0.02     0.02     0.02     0.02     0.02     0.01      2  
led_reg[2][13]      1      1     0.02     0.02     0.02     0.02     0.02     0.01      2  
led_reg[2][14]      1      1     0.02     0.02     0.02     0.02     0.02     0.01      2  
led_reg[2][15]      1      1     0.02     0.02     0.02     0.02     0.02     0.01      2  
led_reg[2][16]      1      1     0.02     0.02     0.02     0.02     0.02     0.01      2  
led_reg[2][17]      1      1     0.01     0.01     0.01     0.01     0.01     0.01      2  
led_reg[2][18]      1      1     0.02     0.02     0.02     0.02     0.02     0.01      2  
led_reg[2][19]      1      1     0.02     0.02     0.02     0.02     0.02     0.01      2  
led_reg[2][20]      1      1     0.02     0.02     0.02     0.02     0.02     0.01      2  
led_reg[2][21]      1      1     0.02     0.02     0.02     0.02     0.02     0.01      2  
led_reg[2][22]      1      1     0.02     0.02     0.02     0.02     0.02     0.01      2  
led_reg[2][23]      1      1     0.01     0.01     0.01     0.01     0.01     0.01      2  
led_reg[3][0]      1      1     0.02     0.02     0.02     0.02     0.02     0.01      2   
led_reg[3][1]      1      1     0.02     0.02     0.02     0.02     0.02     0.01      2   
led_reg[3][2]      1      1     0.02     0.02     0.02     0.02     0.02     0.01      2   
led_reg[3][3]      1      1     0.02     0.02     0.02     0.02     0.02     0.01      2   
led_reg[3][4]      1      1     0.02     0.02     0.02     0.02     0.02     0.01      2   
led_reg[3][5]      1      1     0.01     0.01     0.01     0.01     0.01     0.01      2   
led_reg[3][6]      1      1     0.02     0.02     0.02     0.02     0.02     0.01      2   
led_reg[3][7]      1      1     0.02     0.02     0.02     0.02     0.02     0.01      2   
led_reg[3][8]      1      1     0.02     0.02     0.02     0.02     0.02     0.01      2   
led_reg[3][9]      1      1     0.02     0.02     0.02     0.02     0.02     0.01      2   
led_reg[3][10]      1      1     0.02     0.02     0.02     0.02     0.02     0.01      2  
led_reg[3][11]      1      1     0.01     0.01     0.01     0.01     0.01     0.01      2  
led_reg[3][12]      1      1     0.02     0.02     0.02     0.02     0.02     0.01      2  
led_reg[3][13]      1      1     0.02     0.02     0.02     0.02     0.02     0.01      2  
led_reg[3][14]      1      1     0.02     0.02     0.02     0.02     0.02     0.01      2  
led_reg[3][15]      1      1     0.02     0.02     0.02     0.02     0.02     0.01      2  
led_reg[3][16]      1      1     0.02     0.02     0.02     0.02     0.02     0.01      2  
led_reg[3][17]      1      1     0.01     0.01     0.01     0.01     0.01     0.01      2  
led_reg[3][18]      1      1     0.02     0.02     0.02     0.02     0.02     0.01      2  
led_reg[3][19]      1      1     0.02     0.02     0.02     0.02     0.02     0.01      2  
led_reg[3][20]      1      1     0.02     0.02     0.02     0.02     0.02     0.01      2  
led_reg[3][21]      1      1     0.02     0.02     0.02     0.02     0.02     0.01      2  
led_reg[3][22]      1      1     0.02     0.02     0.02     0.02     0.02     0.01      2  
led_reg[3][23]      1      1     0.01     0.01     0.01     0.01     0.01     0.01      2  
led_reg[4][0]      1      1     0.01     0.01     0.01     0.01     0.01     0.01      2   
led_reg[4][1]      1      1     0.01     0.01     0.01     0.01     0.01     0.01      2   
led_reg[4][2]      1      1     0.01     0.01     0.01     0.01     0.01     0.01      2   
led_reg[4][3]      1      1     0.01     0.01     0.01     0.01     0.01     0.01      2   
led_reg[4][4]      1      1     0.01     0.01     0.01     0.01     0.01     0.01      2   
led_reg[4][5]      1      1     0.01     0.01     0.01     0.01     0.01     0.01      2   
led_reg[4][6]      1      1     0.01     0.01     0.01     0.01     0.01     0.01      2   
led_reg[4][7]      1      1     0.01     0.01     0.01     0.01     0.01     0.01      2   
led_reg[4][8]      1      1     0.01     0.01     0.01     0.01     0.01     0.01      2   
led_reg[4][9]      1      1     0.01     0.01     0.01     0.01     0.01     0.01      2   
led_reg[4][10]      1      1     0.01     0.01     0.01     0.01     0.01     0.01      2  
led_reg[4][11]      1      1     0.01     0.01     0.01     0.01     0.01     0.01      2  
led_reg[4][12]      1      1     0.01     0.01     0.01     0.01     0.01     0.01      2  
led_reg[4][13]      1      1     0.01     0.01     0.01     0.01     0.01     0.01      2  
led_reg[4][14]      1      1     0.01     0.01     0.01     0.01     0.01     0.01      2  
led_reg[4][15]      1      1     0.01     0.01     0.01     0.01     0.01     0.01      2  
led_reg[4][16]      1      1     0.01     0.01     0.01     0.01     0.01     0.01      2  
led_reg[4][17]      1      1     0.01     0.01     0.01     0.01     0.01     0.01      2  
led_reg[4][18]      1      1     0.01     0.01     0.01     0.01     0.01     0.01      2  
led_reg[4][19]      1      1     0.01     0.01     0.01     0.01     0.01     0.01      2  
led_reg[4][20]      1      1     0.01     0.01     0.01     0.01     0.01     0.01      2  
led_reg[4][21]      1      1     0.01     0.01     0.01     0.01     0.01     0.01      2  
led_reg[4][22]      1      1     0.01     0.01     0.01     0.01     0.01     0.01      2  
led_reg[4][23]      1      1     0.01     0.01     0.01     0.01     0.01     0.01      2  
led_reg[5][0]      1      1     0.01     0.01     0.01     0.01     0.01     0.01      2   
led_reg[5][1]      1      1     0.01     0.01     0.01     0.01     0.01     0.01      2   
led_reg[5][2]      1      1     0.01     0.01     0.01     0.01     0.01     0.01      2   
led_reg[5][3]      1      1     0.01     0.01     0.01     0.01     0.01     0.01      2   
led_reg[5][4]      1      1     0.01     0.01     0.01     0.01     0.01     0.01      2   
led_reg[5][5]      1      1     0.01     0.01     0.01     0.01     0.01     0.01      2   
led_reg[5][6]      1      1     0.01     0.01     0.01     0.01     0.01     0.01      2   
led_reg[5][7]      1      1     0.01     0.01     0.01     0.01     0.01     0.01      2   
led_reg[5][8]      1      1     0.01     0.01     0.01     0.01     0.01     0.01      2   
led_reg[5][9]      1      1     0.01     0.01     0.01     0.01     0.01     0.01      2   
led_reg[5][10]      1      1     0.01     0.01     0.01     0.01     0.01     0.01      2  
led_reg[5][11]      1      1     0.01     0.01     0.01     0.01     0.01     0.01      2  
led_reg[5][12]      1      1     0.01     0.01     0.01     0.01     0.01     0.01      2  
led_reg[5][13]      1      1     0.01     0.01     0.01     0.01     0.01     0.01      2  
led_reg[5][14]      1      1     0.01     0.01     0.01     0.01     0.01     0.01      2  
led_reg[5][15]      1      1     0.01     0.01     0.01     0.01     0.01     0.01      2  
led_reg[5][16]      1      1     0.01     0.01     0.01     0.01     0.01     0.01      2  
led_reg[5][17]      1      1     0.01     0.01     0.01     0.01     0.01     0.01      2  
led_reg[5][18]      1      1     0.01     0.01     0.01     0.01     0.01     0.01      2  
led_reg[5][19]      1      1     0.01     0.01     0.01     0.01     0.01     0.01      2  
led_reg[5][20]      1      1     0.01     0.01     0.01     0.01     0.01     0.01      2  
led_reg[5][21]      1      1     0.01     0.01     0.01     0.01     0.01     0.01      2  
led_reg[5][22]      1      1     0.01     0.01     0.01     0.01     0.01     0.01      2  
led_reg[5][23]      1      1     0.01     0.01     0.01     0.01     0.01     0.01      2  
led_reg[6][0]      1      1     0.02     0.02     0.02     0.02     0.02     0.01      2   
led_reg[6][1]      1      1     0.02     0.02     0.02     0.02     0.02     0.01      2   
led_reg[6][2]      1      1     0.02     0.02     0.02     0.02     0.02     0.01      2   
led_reg[6][3]      1      1     0.02     0.02     0.02     0.02     0.02     0.01      2   
led_reg[6][4]      1      1     0.02     0.02     0.02     0.02     0.02     0.01      2   
led_reg[6][5]      1      1     0.01     0.01     0.01     0.01     0.01     0.01      2   
led_reg[6][6]      1      1     0.02     0.02     0.02     0.02     0.02     0.01      2   
led_reg[6][7]      1      1     0.02     0.02     0.02     0.02     0.02     0.01      2   
led_reg[6][8]      1      1     0.02     0.02     0.02     0.02     0.02     0.01      2   
led_reg[6][9]      1      1     0.02     0.02     0.02     0.02     0.02     0.01      2   
led_reg[6][10]      1      1     0.02     0.02     0.02     0.02     0.02     0.01      2  
led_reg[6][11]      1      1     0.01     0.01     0.01     0.01     0.01     0.01      2  
led_reg[6][12]      1      1     0.02     0.02     0.02     0.02     0.02     0.01      2  
led_reg[6][13]      1      1     0.02     0.02     0.02     0.02     0.02     0.01      2  
led_reg[6][14]      1      1     0.02     0.02     0.02     0.02     0.02     0.01      2  
led_reg[6][15]      1      1     0.02     0.02     0.02     0.02     0.02     0.01      2  
led_reg[6][16]      1      1     0.02     0.02     0.02     0.02     0.02     0.01      2  
led_reg[6][17]      1      1     0.01     0.01     0.01     0.01     0.01     0.01      2  
led_reg[6][18]      1      1     0.02     0.02     0.02     0.02     0.02     0.01      2  
led_reg[6][19]      1      1     0.02     0.02     0.02     0.02     0.02     0.01      2  
led_reg[6][20]      1      1     0.02     0.02     0.02     0.02     0.02     0.01      2  
led_reg[6][21]      1      1     0.02     0.02     0.02     0.02     0.02     0.01      2  
led_reg[6][22]      1      1     0.02     0.02     0.02     0.02     0.02     0.01      2  
led_reg[6][23]      1      1     0.01     0.01     0.01     0.01     0.01     0.01      2  
led_reg[7][0]      1      1     0.02     0.02     0.02     0.02     0.02     0.01      2   
led_reg[7][1]      1      1     0.02     0.02     0.02     0.02     0.02     0.01      2   
led_reg[7][2]      1      1     0.02     0.02     0.02     0.02     0.02     0.01      2   
led_reg[7][3]      1      1     0.02     0.02     0.02     0.02     0.02     0.01      2   
led_reg[7][4]      1      1     0.02     0.02     0.02     0.02     0.02     0.01      2   
led_reg[7][5]      1      1     0.01     0.01     0.01     0.01     0.01     0.01      2   
led_reg[7][6]      1      1     0.02     0.02     0.02     0.02     0.02     0.01      2   
led_reg[7][7]      1      1     0.02     0.02     0.02     0.02     0.02     0.01      2   
led_reg[7][8]      1      1     0.02     0.02     0.02     0.02     0.02     0.01      2   
led_reg[7][9]      1      1     0.02     0.02     0.02     0.02     0.02     0.01      2   
led_reg[7][10]      1      1     0.02     0.02     0.02     0.02     0.02     0.01      2  
led_reg[7][11]      1      1     0.01     0.01     0.01     0.01     0.01     0.01      2  
led_reg[7][12]      1      1     0.02     0.02     0.02     0.02     0.02     0.01      2  
led_reg[7][13]      1      1     0.02     0.02     0.02     0.02     0.02     0.01      2  
led_reg[7][14]      1      1     0.02     0.02     0.02     0.02     0.02     0.01      2  
led_reg[7][15]      1      1     0.02     0.02     0.02     0.02     0.02     0.01      2  
led_reg[7][16]      1      1     0.02     0.02     0.02     0.02     0.02     0.01      2  
led_reg[7][17]      1      1     0.01     0.01     0.01     0.01     0.01     0.01      2  
led_reg[7][18]      1      1     0.02     0.02     0.02     0.02     0.02     0.01      2  
led_reg[7][19]      1      1     0.02     0.02     0.02     0.02     0.02     0.01      2  
led_reg[7][20]      1      1     0.02     0.02     0.02     0.02     0.02     0.01      2  
led_reg[7][21]      1      1     0.02     0.02     0.02     0.02     0.02     0.01      2  
led_reg[7][22]      1      1     0.02     0.02     0.02     0.02     0.02     0.01      2  
led_reg[7][23]      1      1     0.01     0.01     0.01     0.01     0.01     0.01      2  
n9      1       1        0.01      0.01      0.01      0.01      0.01      0.01       2    d
n10      1      1        0.01      0.01      0.01      0.01      0.01      0.01       2    d
n11      1      1        0.01      0.01      0.01      0.01      0.01      0.01       2    d
n12      1      1        0.01      0.01      0.01      0.01      0.01      0.01       2    d
n13      1      1        0.01      0.01      0.01      0.01      0.01      0.01       2    d
n14      1      1        0.01      0.01      0.01      0.01      0.01      0.01       2    d
n15      1      1        0.01      0.01      0.01      0.01      0.01      0.01       2    d
n16      1      1        0.01      0.01      0.01      0.01      0.01      0.01       2    d
n17      1      1        0.01      0.01      0.01      0.01      0.01      0.01       2    d
n18      1      1        0.01      0.01      0.01      0.01      0.01      0.01       2    d
n19      1      1        0.01      0.01      0.01      0.01      0.01      0.01       2    d
n20      1      1        0.01      0.01      0.01      0.01      0.01      0.01       2    d
n21      1      1        0.01      0.01      0.01      0.01      0.01      0.01       2    d
n22      1      1        0.01      0.01      0.01      0.01      0.01      0.01       2    d
n31      8      1        0.00      0.00      0.00      0.00      0.00      0.15       9    d, I
n111      1      1       0.01      0.01      0.01      0.01      0.01      0.01       2    
n112      1      1       0.01      0.01      0.01      0.01      0.01      0.01       2    
n113      1      1       0.01      0.01      0.01      0.01      0.01      0.01       2    
n114      1      1       0.01      0.01      0.01      0.01      0.01      0.01       2    
n115      1      1       0.01      0.01      0.01      0.01      0.01      0.01       2    
n116      1      1       0.01      0.01      0.01      0.01      0.01      0.01       2    
n117      1      1       0.01      0.01      0.01      0.01      0.01      0.01       2    
n118      1      1       0.01      0.01      0.01      0.01      0.01      0.01       2    
n119      1      1       0.01      0.01      0.01      0.01      0.01      0.01       2    
n120      4      1       0.08      0.08      0.08      0.08      0.08      0.08       5    
n121      2      1       0.03      0.03      0.03      0.03      0.03      0.03       3    
n122      2      1       0.03      0.03      0.03      0.03      0.03      0.03       3    
n123      2      1       0.03      0.03      0.03      0.03      0.03      0.03       3    
n124      2      1       0.03      0.03      0.03      0.03      0.03      0.03       3    
n125      2      1       0.03      0.03      0.03      0.03      0.03      0.03       3    
n126      2      1       0.03      0.03      0.03      0.03      0.03      0.03       3    
n127      2      1       0.03      0.03      0.03      0.03      0.03      0.03       3    
n128      2      1       0.03      0.03      0.03      0.03      0.03      0.03       3    
n129      4      1       0.08      0.08      0.08      0.08      0.08      0.08       5    
n130      4      1       0.08      0.08      0.08      0.08      0.08      0.08       5    
n131      1      1       0.01      0.01      0.01      0.01      0.01      0.01       2    
n132      4      1       0.08      0.08      0.08      0.08      0.08      0.08       5    
n133      4      1       0.08      0.08      0.08      0.08      0.08      0.08       5    
n134      1      1       0.01      0.01      0.01      0.01      0.01      0.01       2    
n135      1      1       0.02      0.02      0.02      0.02      0.02      0.01       2    
n137      1      1       0.02      0.02      0.02      0.02      0.02      0.01       2    
n138      4      1       0.06      0.06      0.06      0.06      0.06      0.08       5    
n139      1      1       0.02      0.02      0.02      0.02      0.02      0.01       2    
n140      4      1       0.06      0.06      0.06      0.06      0.06      0.08       5    
n141      1      1       0.02      0.02      0.02      0.02      0.02      0.01       2    
n142      4      1       0.06      0.06      0.06      0.06      0.06      0.08       5    
n143      1      1       0.02      0.02      0.02      0.02      0.02      0.01       2    
n144      4      1       0.06      0.06      0.06      0.06      0.06      0.08       5    
n145      1      1       0.02      0.02      0.02      0.02      0.02      0.01       2    
n146      4      1       0.06      0.06      0.06      0.06      0.06      0.08       5    
n147      1      1       0.02      0.02      0.02      0.02      0.02      0.01       2    
n148      4      1       0.06      0.06      0.06      0.06      0.06      0.08       5    
n149      1      1       0.02      0.02      0.02      0.02      0.02      0.01       2    
n150      4      1       0.06      0.06      0.06      0.06      0.06      0.08       5    
n151      1      1       0.02      0.02      0.02      0.02      0.02      0.01       2    
n152      4      1       0.06      0.06      0.06      0.06      0.06      0.08       5    
n153      1      1       0.02      0.02      0.02      0.02      0.02      0.01       2    
n154      4      1       0.06      0.06      0.06      0.06      0.06      0.08       5    
n155      1      1       0.02      0.02      0.02      0.02      0.02      0.01       2    
n156      4      1       0.06      0.06      0.06      0.06      0.06      0.08       5    
n157      1      1       0.02      0.02      0.02      0.02      0.02      0.01       2    
n158      4      1       0.06      0.06      0.06      0.06      0.06      0.08       5    
n159      1      1       0.02      0.02      0.02      0.02      0.02      0.01       2    
n160      4      1       0.06      0.06      0.06      0.06      0.06      0.08       5    
n161      1      1       0.02      0.02      0.02      0.02      0.02      0.01       2    
n162      4      1       0.06      0.06      0.06      0.06      0.06      0.08       5    
n163      1      1       0.02      0.02      0.02      0.02      0.02      0.01       2    
n164      4      1       0.06      0.06      0.06      0.06      0.06      0.08       5    
n165      1      1       0.02      0.02      0.02      0.02      0.02      0.01       2    
n166      4      1       0.06      0.06      0.06      0.06      0.06      0.08       5    
n167      1      1       0.02      0.02      0.02      0.02      0.02      0.01       2    
n168      4      1       0.06      0.06      0.06      0.06      0.06      0.08       5    
n169      1      1       0.02      0.02      0.02      0.02      0.02      0.01       2    
n170      4      1       0.06      0.06      0.06      0.06      0.06      0.08       5    
n171      1      1       0.02      0.02      0.02      0.02      0.02      0.01       2    
n172      4      1       0.06      0.06      0.06      0.06      0.06      0.08       5    
n173      1      1       0.02      0.02      0.02      0.02      0.02      0.01       2    
n174      4      1       0.06      0.06      0.06      0.06      0.06      0.08       5    
n175      1      1       0.02      0.02      0.02      0.02      0.02      0.01       2    
n176      4      1       0.06      0.06      0.06      0.06      0.06      0.08       5    
n177      1      1       0.02      0.02      0.02      0.02      0.02      0.01       2    
n178      4      1       0.06      0.06      0.06      0.06      0.06      0.08       5    
n179      1      1       0.02      0.02      0.02      0.02      0.02      0.01       2    
n180      4      1       0.06      0.06      0.06      0.06      0.06      0.08       5    
n181      1      1       0.02      0.02      0.02      0.02      0.02      0.01       2    
n182      4      1       0.06      0.06      0.06      0.06      0.06      0.08       5    
n183      1      1       0.02      0.02      0.02      0.02      0.02      0.01       2    
n184      4      1       0.06      0.06      0.06      0.06      0.06      0.08       5    
n185      2      1       0.03      0.03      0.03      0.03      0.03      0.03       3    
n186      5      1       0.09      0.09      0.09      0.09      0.09      0.10       6    
n187      4      1       0.08      0.08      0.08      0.08      0.08      0.08       5    
n188      5      1       0.10      0.10      0.10      0.10      0.10      0.10       6    
n189      6      1       0.11      0.11      0.11      0.11      0.11      0.12       7    
n190      6      1       0.10      0.10      0.10      0.10      0.10      0.12       7    
n191      1      1       0.01      0.01      0.01      0.01      0.01      0.01       2    
n192      2      1       0.03      0.03      0.03      0.03      0.03      0.03       3    
n193      2      1       0.03      0.03      0.03      0.03      0.03      0.03       3    
n194      2      1       0.03      0.03      0.03      0.03      0.03      0.03       3    
n195      2      1       0.03      0.03      0.03      0.03      0.03      0.03       3    
n196      1      1       0.01      0.01      0.01      0.01      0.01      0.01       2    
n197      1      1       0.01      0.01      0.01      0.01      0.01      0.01       2    
n198      1      1       0.01      0.01      0.01      0.01      0.01      0.01       2    
n199      1      1       0.01      0.01      0.01      0.01      0.01      0.01       2    
n200      1      1       0.01      0.01      0.01      0.01      0.01      0.01       2    
n201      1      1       0.01      0.01      0.01      0.01      0.01      0.01       2    
n202      1      1       0.01      0.01      0.01      0.01      0.01      0.01       2    
n203      1      1       0.01      0.01      0.01      0.01      0.01      0.01       2    
n204      1      1       0.01      0.01      0.01      0.01      0.01      0.01       2    
n205      1      1       0.01      0.01      0.01      0.01      0.01      0.01       2    
n206      1      1       0.01      0.01      0.01      0.01      0.01      0.01       2    
n207      1      1       0.01      0.01      0.01      0.01      0.01      0.01       2    
n208      1      1       0.01      0.01      0.01      0.01      0.01      0.01       2    
n209      1      1       0.01      0.01      0.01      0.01      0.01      0.01       2    
n210      1      1       0.01      0.01      0.01      0.01      0.01      0.01       2    
n211      1      1       0.01      0.01      0.01      0.01      0.01      0.01       2    
n212      1      1       0.01      0.01      0.01      0.01      0.01      0.01       2    
n213      1      1       0.01      0.01      0.01      0.01      0.01      0.01       2    
n214      1      1       0.01      0.01      0.01      0.01      0.01      0.01       2    
n215      1      1       0.01      0.01      0.01      0.01      0.01      0.01       2    
n216      1      1       0.01      0.01      0.01      0.01      0.01      0.01       2    
n217      1      1       0.01      0.01      0.01      0.01      0.01      0.01       2    
n218      1      1       0.01      0.01      0.01      0.01      0.01      0.01       2    
n219      1      1       0.01      0.01      0.01      0.01      0.01      0.01       2    
n220      1      1       0.01      0.01      0.01      0.01      0.01      0.01       2    
n221      1      1       0.01      0.01      0.01      0.01      0.01      0.01       2    
n222      1      1       0.01      0.01      0.01      0.01      0.01      0.01       2    
n223      1      1       0.01      0.01      0.01      0.01      0.01      0.01       2    
n224      1      1       0.01      0.01      0.01      0.01      0.01      0.01       2    
n225      1      1       0.01      0.01      0.01      0.01      0.01      0.01       2    
n226      1      1       0.01      0.01      0.01      0.01      0.01      0.01       2    
n227      1      1       0.01      0.01      0.01      0.01      0.01      0.01       2    
n228      1      1       0.01      0.01      0.01      0.01      0.01      0.01       2    
n229      1      1       0.01      0.01      0.01      0.01      0.01      0.01       2    
n230      1      1       0.01      0.01      0.01      0.01      0.01      0.01       2    
n231      1      1       0.01      0.01      0.01      0.01      0.01      0.01       2    
n232      1      1       0.01      0.01      0.01      0.01      0.01      0.01       2    
n233      1      1       0.01      0.01      0.01      0.01      0.01      0.01       2    
n234      1      1       0.01      0.01      0.01      0.01      0.01      0.01       2    
n235      1      1       0.01      0.01      0.01      0.01      0.01      0.01       2    
n236      1      1       0.01      0.01      0.01      0.01      0.01      0.01       2    
n237      1      1       0.01      0.01      0.01      0.01      0.01      0.01       2    
n238      1      1       0.01      0.01      0.01      0.01      0.01      0.01       2    
n239      1      1       0.01      0.01      0.01      0.01      0.01      0.01       2    
n240      1      1       0.01      0.01      0.01      0.01      0.01      0.01       2    
n241      1      1       0.01      0.01      0.01      0.01      0.01      0.01       2    
n242      1      1       0.01      0.01      0.01      0.01      0.01      0.01       2    
n243      1      1       0.01      0.01      0.01      0.01      0.01      0.01       2    
n244      1      1       0.01      0.01      0.01      0.01      0.01      0.01       2    
n245      1      1       0.01      0.01      0.01      0.01      0.01      0.01       2    
n246      1      1       0.01      0.01      0.01      0.01      0.01      0.01       2    
n247      1      1       0.01      0.01      0.01      0.01      0.01      0.01       2    
n248      1      1       0.01      0.01      0.01      0.01      0.01      0.01       2    
n249      1      1       0.01      0.01      0.01      0.01      0.01      0.01       2    
n250      1      1       0.01      0.01      0.01      0.01      0.01      0.01       2    
n251      1      1       0.01      0.01      0.01      0.01      0.01      0.01       2    
n252      1      1       0.01      0.01      0.01      0.01      0.01      0.01       2    
n253      1      1       0.01      0.01      0.01      0.01      0.01      0.01       2    
n254      1      1       0.01      0.01      0.01      0.01      0.01      0.01       2    
n255      1      1       0.01      0.01      0.01      0.01      0.01      0.01       2    
n256      1      1       0.01      0.01      0.01      0.01      0.01      0.01       2    
n257      1      1       0.01      0.01      0.01      0.01      0.01      0.01       2    
n258      1      1       0.01      0.01      0.01      0.01      0.01      0.01       2    
n259      1      1       0.01      0.01      0.01      0.01      0.01      0.01       2    
n260      1      1       0.01      0.01      0.01      0.01      0.01      0.01       2    
n261      1      1       0.01      0.01      0.01      0.01      0.01      0.01       2    
n262      1      1       0.01      0.01      0.01      0.01      0.01      0.01       2    
n263      1      1       0.01      0.01      0.01      0.01      0.01      0.01       2    
n264      1      1       0.01      0.01      0.01      0.01      0.01      0.01       2    
n265      1      1       0.01      0.01      0.01      0.01      0.01      0.01       2    
n266      1      1       0.01      0.01      0.01      0.01      0.01      0.01       2    
n267      1      1       0.01      0.01      0.01      0.01      0.01      0.01       2    
n268      1      1       0.01      0.01      0.01      0.01      0.01      0.01       2    
n269      1      1       0.01      0.01      0.01      0.01      0.01      0.01       2    
n270      1      1       0.01      0.01      0.01      0.01      0.01      0.01       2    
n271      1      1       0.01      0.01      0.01      0.01      0.01      0.01       2    
n272      1      1       0.01      0.01      0.01      0.01      0.01      0.01       2    
n273      1      1       0.01      0.01      0.01      0.01      0.01      0.01       2    
n274      1      1       0.01      0.01      0.01      0.01      0.01      0.01       2    
n275      1      1       0.01      0.01      0.01      0.01      0.01      0.01       2    
n276      1      1       0.01      0.01      0.01      0.01      0.01      0.01       2    
n277      1      1       0.01      0.01      0.01      0.01      0.01      0.01       2    
n278      1      1       0.01      0.01      0.01      0.01      0.01      0.01       2    
n279      1      1       0.01      0.01      0.01      0.01      0.01      0.01       2    
n280      1      1       0.01      0.01      0.01      0.01      0.01      0.01       2    
n281      1      1       0.01      0.01      0.01      0.01      0.01      0.01       2    
n282      1      1       0.01      0.01      0.01      0.01      0.01      0.01       2    
n283      1      1       0.01      0.01      0.01      0.01      0.01      0.01       2    
n284      1      1       0.01      0.01      0.01      0.01      0.01      0.01       2    
n285      1      1       0.01      0.01      0.01      0.01      0.01      0.01       2    
n286      1      1       0.01      0.01      0.01      0.01      0.01      0.01       2    
n287      1      1       0.01      0.01      0.01      0.01      0.01      0.01       2    
n288      1      1       0.02      0.02      0.02      0.02      0.02      0.01       2    
n289      1      1       0.02      0.02      0.02      0.02      0.02      0.01       2    
n290      1      1       0.02      0.02      0.02      0.02      0.02      0.01       2    
n291      1      1       0.01      0.01      0.01      0.01      0.01      0.01       2    
n292      1      1       0.01      0.01      0.01      0.01      0.01      0.01       2    
n293      1      1       0.01      0.01      0.01      0.01      0.01      0.01       2    
n294      1      1       0.01      0.01      0.01      0.01      0.01      0.01       2    
n295      3      1       0.05      0.05      0.05      0.05      0.05      0.05       4    
n296      2      1       0.03      0.03      0.03      0.03      0.03      0.03       3    
n297      2      1       0.03      0.03      0.03      0.03      0.03      0.03       3    
n298      6      1       0.11      0.11      0.11      0.11      0.11      0.12       7    
n299      6      1       0.11      0.11      0.11      0.11      0.11      0.12       7    
n300      6      1       0.11      0.11      0.11      0.11      0.11      0.12       7    
n301      6      1       0.11      0.11      0.11      0.11      0.11      0.12       7    
n302      6      1       0.11      0.11      0.11      0.11      0.11      0.12       7    
n303      6      1       0.11      0.11      0.11      0.11      0.11      0.12       7    
n304      6      1       0.11      0.11      0.11      0.11      0.11      0.12       7    
n305      6      1       0.11      0.11      0.11      0.11      0.11      0.12       7    
n306      6      1       0.11      0.11      0.11      0.11      0.11      0.12       7    
n307      6      1       0.11      0.11      0.11      0.11      0.11      0.12       7    
n308      6      1       0.11      0.11      0.11      0.11      0.11      0.12       7    
n309      6      1       0.11      0.11      0.11      0.11      0.11      0.12       7    
n310      4      1       0.08      0.08      0.08      0.08      0.08      0.08       5    
n311      6      1       0.11      0.11      0.11      0.11      0.11      0.12       7    
n312      6      1       0.11      0.11      0.11      0.11      0.11      0.12       7    
n313      6      1       0.11      0.11      0.11      0.11      0.11      0.12       7    
n314      6      1       0.11      0.11      0.11      0.11      0.11      0.12       7    
n315      4      1       0.08      0.08      0.08      0.08      0.08      0.08       5    
n316      6      1       0.11      0.11      0.11      0.11      0.11      0.12       7    
n317      6      1       0.11      0.11      0.11      0.11      0.11      0.12       7    
n318      6      1       0.11      0.11      0.11      0.11      0.11      0.12       7    
n319      6      1       0.11      0.11      0.11      0.11      0.11      0.12       7    
n320      6      1       0.11      0.11      0.11      0.11      0.11      0.12       7    
n321      6      1       0.11      0.11      0.11      0.11      0.11      0.12       7    
n322      6      1       0.11      0.11      0.11      0.11      0.11      0.12       7    
n323      6      1       0.11      0.11      0.11      0.11      0.11      0.12       7    
n324      4      1       0.08      0.08      0.08      0.08      0.08      0.08       5    
n325      6      1       0.11      0.11      0.11      0.11      0.11      0.12       7    
n326      6      1       0.11      0.11      0.11      0.11      0.11      0.12       7    
n327      6      1       0.11      0.11      0.11      0.11      0.11      0.12       7    
n328      6      1       0.11      0.11      0.11      0.11      0.11      0.12       7    
n329      6      1       0.11      0.11      0.11      0.11      0.11      0.12       7    
n330      6      1       0.11      0.11      0.11      0.11      0.11      0.12       7    
n331      6      1       0.11      0.11      0.11      0.11      0.11      0.12       7    
n332      6      1       0.11      0.11      0.11      0.11      0.11      0.12       7    
n333      6      1       0.11      0.11      0.11      0.11      0.11      0.12       7    
n334      6      1       0.11      0.11      0.11      0.11      0.11      0.12       7    
n335      6      1       0.11      0.11      0.11      0.11      0.11      0.12       7    
n336      6      1       0.11      0.11      0.11      0.11      0.11      0.12       7    
n337      2      1       0.03      0.03      0.03      0.03      0.03      0.03       3    
n338      2      1       0.03      0.03      0.03      0.03      0.03      0.03       3    
n339      6      1       0.11      0.11      0.11      0.11      0.11      0.12       7    
n340      6      1       0.11      0.11      0.11      0.11      0.11      0.12       7    
n341      6      1       0.11      0.11      0.11      0.11      0.11      0.12       7    
n342      6      1       0.11      0.11      0.11      0.11      0.11      0.12       7    
n343      2      1       0.03      0.03      0.03      0.03      0.03      0.03       3    
n344      2      1       0.03      0.03      0.03      0.03      0.03      0.03       3    
n345      6      1       0.11      0.11      0.11      0.11      0.11      0.12       7    
n346      6      1       0.11      0.11      0.11      0.11      0.11      0.12       7    
n347      6      1       0.11      0.11      0.11      0.11      0.11      0.12       7    
n348      6      1       0.11      0.11      0.11      0.11      0.11      0.12       7    
n349      2      1       0.03      0.03      0.03      0.03      0.03      0.03       3    
n350      2      1       0.03      0.03      0.03      0.03      0.03      0.03       3    
n351      6      1       0.11      0.11      0.11      0.11      0.11      0.12       7    
n352      6      1       0.11      0.11      0.11      0.11      0.11      0.12       7    
n353      6      1       0.11      0.11      0.11      0.11      0.11      0.12       7    
n354      6      1       0.11      0.11      0.11      0.11      0.11      0.12       7    
n355      2      1       0.03      0.03      0.03      0.03      0.03      0.03       3    
n356      2      1       0.03      0.03      0.03      0.03      0.03      0.03       3    
n357      6      1       0.11      0.11      0.11      0.11      0.11      0.12       7    
n358      6      1       0.11      0.11      0.11      0.11      0.11      0.12       7    
n359      6      1       0.11      0.11      0.11      0.11      0.11      0.12       7    
n360      6      1       0.11      0.11      0.11      0.11      0.11      0.12       7    
n361      2      1       0.03      0.03      0.03      0.03      0.03      0.03       3    
n362      2      1       0.03      0.03      0.03      0.03      0.03      0.03       3    
n363      6      1       0.11      0.11      0.11      0.11      0.11      0.12       7    
n364      6      1       0.11      0.11      0.11      0.11      0.11      0.12       7    
n365      6      1       0.11      0.11      0.11      0.11      0.11      0.12       7    
n366      6      1       0.11      0.11      0.11      0.11      0.11      0.12       7    
n367      2      1       0.03      0.03      0.03      0.03      0.03      0.03       3    
n368      2      1       0.03      0.03      0.03      0.03      0.03      0.03       3    
n369      6      1       0.11      0.11      0.11      0.11      0.11      0.12       7    
n370      6      1       0.11      0.11      0.11      0.11      0.11      0.12       7    
n371      6      1       0.11      0.11      0.11      0.11      0.11      0.12       7    
n372      6      1       0.11      0.11      0.11      0.11      0.11      0.12       7    
n373      2      1       0.03      0.03      0.03      0.03      0.03      0.03       3    
n374      2      1       0.03      0.03      0.03      0.03      0.03      0.03       3    
n375      6      1       0.11      0.11      0.11      0.11      0.11      0.12       7    
n376      6      1       0.11      0.11      0.11      0.11      0.11      0.12       7    
n377      6      1       0.11      0.11      0.11      0.11      0.11      0.12       7    
n378      6      1       0.11      0.11      0.11      0.11      0.11      0.12       7    
n379      2      1       0.03      0.03      0.03      0.03      0.03      0.03       3    
n380      2      1       0.03      0.03      0.03      0.03      0.03      0.03       3    
n381      1      1       0.01      0.01      0.01      0.01      0.01      0.01       2    
n382      3      1       0.05      0.05      0.05      0.05      0.05      0.05       4    
n383      3      1       0.05      0.05      0.05      0.05      0.05      0.05       4    
n384      1      1       0.02      0.02      0.02      0.02      0.02      0.01       2    
n385      2      1       0.03      0.03      0.03      0.03      0.03      0.03       3    
n386      4      1       0.07      0.07      0.07      0.07      0.07      0.08       5    
n387      4      1       0.07      0.07      0.07      0.07      0.07      0.08       5    
n388      4      1       0.07      0.07      0.07      0.07      0.07      0.08       5    
n389      2      1       0.03      0.03      0.03      0.03      0.03      0.03       3    
n390      4      1       0.07      0.07      0.07      0.07      0.07      0.08       5    
n391      1      1       0.01      0.01      0.01      0.01      0.01      0.01       2    
n392      1      1       0.01      0.01      0.01      0.01      0.01      0.01       2    
n393      1      1       0.01      0.01      0.01      0.01      0.01      0.01       2    
n394      3      1       0.05      0.05      0.05      0.05      0.05      0.05       4    
n395      5      1       0.09      0.09      0.09      0.09      0.09      0.10       6    
n396      1      1       0.01      0.01      0.01      0.01      0.01      0.01       2    
n397      3      1       0.05      0.05      0.05      0.05      0.05      0.05       4    
n398      3      1       0.05      0.05      0.05      0.05      0.05      0.05       4    
n399      6      1       0.11      0.11      0.11      0.11      0.11      0.12       7    
n400      7      1       0.11      0.11      0.11      0.11      0.11      0.14       8    
n401      1      1       0.01      0.01      0.01      0.01      0.01      0.01       2    
n402      4      1       0.07      0.07      0.07      0.07      0.07      0.08       5    
n403      6      1       0.11      0.11      0.11      0.11      0.11      0.12       7    
n404      1      1       0.01      0.01      0.01      0.01      0.01      0.01       2    
n405      1      1       0.01      0.01      0.01      0.01      0.01      0.01       2    
n406      3      1       0.05      0.05      0.05      0.05      0.05      0.05       4    
n407      1      1       0.02      0.02      0.02      0.02      0.02      0.01       2    
n408      3      1       0.05      0.05      0.05      0.05      0.05      0.05       4    
n409      1      1       0.01      0.01      0.01      0.01      0.01      0.01       2    
n410      2      1       0.03      0.03      0.03      0.03      0.03      0.03       3    
n411      1      1       0.01      0.01      0.01      0.01      0.01      0.01       2    
n412      3      1       0.05      0.05      0.05      0.05      0.05      0.05       4    
n413      1      1       0.01      0.01      0.01      0.01      0.01      0.01       2    
n414      4      1       0.06      0.06      0.06      0.06      0.06      0.08       5    
n415      3      1       0.05      0.05      0.05      0.05      0.05      0.05       4    
n416      1      1       0.01      0.01      0.01      0.01      0.01      0.01       2    
n417      2      1       0.03      0.03      0.03      0.03      0.03      0.03       3    
n418      2      1       0.03      0.03      0.03      0.03      0.03      0.03       3    
n419      1      1       0.02      0.02      0.02      0.02      0.02      0.01       2    
n420      1      1       0.01      0.01      0.01      0.01      0.01      0.01       2    
n421      1      1       0.01      0.01      0.01      0.01      0.01      0.01       2    
n422      2      1       0.03      0.03      0.03      0.03      0.03      0.03       3    
n423      1      1       0.02      0.02      0.02      0.02      0.02      0.01       2    
n424      1      1       0.02      0.02      0.02      0.02      0.02      0.01       2    
n425      1      1       0.02      0.02      0.02      0.02      0.02      0.01       2    
n426      1      1       0.02      0.02      0.02      0.02      0.02      0.01       2    
n427      1      1       0.02      0.02      0.02      0.02      0.02      0.01       2    
n428      1      1       0.01      0.01      0.01      0.01      0.01      0.01       2    
n429      1      1       0.01      0.01      0.01      0.01      0.01      0.01       2    
n430      6      1       0.10      0.10      0.10      0.10      0.10      0.12       7    
n431      6      1       0.10      0.10      0.10      0.10      0.10      0.12       7    
n432      6      1       0.11      0.11      0.11      0.11      0.11      0.12       7    
n433      6      1       0.11      0.11      0.11      0.11      0.11      0.12       7    
n434      1      1       0.01      0.01      0.01      0.01      0.01      0.01       2    
n435      1      1       0.01      0.01      0.01      0.01      0.01      0.01       2    
n436      1      1       0.01      0.01      0.01      0.01      0.01      0.01       2    
n437      1      1       0.02      0.02      0.02      0.02      0.02      0.01       2    
n438      1      1       0.02      0.02      0.02      0.02      0.02      0.01       2    
n439      1      1       0.01      0.01      0.01      0.01      0.01      0.01       2    
n440      1      1       0.01      0.01      0.01      0.01      0.01      0.01       2    
n441      1      1       0.01      0.01      0.01      0.01      0.01      0.01       2    
n442      1      1       0.01      0.01      0.01      0.01      0.01      0.01       2    
n443      1      1       0.02      0.02      0.02      0.02      0.02      0.01       2    
n444      1      1       0.02      0.02      0.02      0.02      0.02      0.01       2    
n445      1      1       0.01      0.01      0.01      0.01      0.01      0.01       2    
n446      1      1       0.01      0.01      0.01      0.01      0.01      0.01       2    
n447      1      1       0.01      0.01      0.01      0.01      0.01      0.01       2    
n448      1      1       0.01      0.01      0.01      0.01      0.01      0.01       2    
n449      2      1       0.04      0.04      0.04      0.04      0.04      0.03       3    
n450      1      1       0.01      0.01      0.01      0.01      0.01      0.01       2    
n451      1      1       0.01      0.01      0.01      0.01      0.01      0.01       2    
n452      1      1       0.01      0.01      0.01      0.01      0.01      0.01       2    
n453      2      1       0.03      0.03      0.03      0.03      0.03      0.03       3    
n454      1      1       0.01      0.01      0.01      0.01      0.01      0.01       2    
n455      3      1       0.05      0.05      0.05      0.05      0.05      0.05       4    
n456      2      1       0.03      0.03      0.03      0.03      0.03      0.03       3    
n457      2      1       0.03      0.03      0.03      0.03      0.03      0.03       3    
n458      1      1       0.01      0.01      0.01      0.01      0.01      0.01       2    
reset     15      1      0.00      0.00      0.00      0.00      0.00      0.27      16    d, I
rgb_counter[0]      3      1     0.05     0.05     0.05     0.05     0.05     0.05      4  
rgb_counter[1]      5      1     0.10     0.10     0.10     0.10     0.10     0.10      6  
rgb_counter[2]      5      1     0.09     0.09     0.09     0.09     0.09     0.10      6  
rgb_counter[3]      3      1     0.05     0.05     0.05     0.05     0.05     0.05      4  
rgb_counter[4]      4      1     0.07     0.07     0.07     0.07     0.07     0.08      5  
rgb_data[0]      5      1     0.08     0.08     0.08     0.08     0.08     0.10       6    
rgb_data[1]      5      1     0.08     0.08     0.08     0.08     0.08     0.10       6    
rgb_data[2]      5      1     0.08     0.08     0.08     0.08     0.08     0.10       6    
rgb_data[3]      5      1     0.08     0.08     0.08     0.08     0.08     0.10       6    
rgb_data[4]      5      1     0.08     0.08     0.08     0.08     0.08     0.10       6    
rgb_data[5]      5      1     0.08     0.08     0.08     0.08     0.08     0.10       6    
rgb_data[6]      5      1     0.08     0.08     0.08     0.08     0.08     0.10       6    
rgb_data[7]      5      1     0.08     0.08     0.08     0.08     0.08     0.10       6    
rgb_data[8]      5      1     0.08     0.08     0.08     0.08     0.08     0.10       6    
rgb_data[9]      5      1     0.08     0.08     0.08     0.08     0.08     0.10       6    
rgb_data[10]      5      1     0.08     0.08     0.08     0.08     0.08     0.10      6    
rgb_data[11]      5      1     0.08     0.08     0.08     0.08     0.08     0.10      6    
rgb_data[12]      5      1     0.08     0.08     0.08     0.08     0.08     0.10      6    
rgb_data[13]      5      1     0.08     0.08     0.08     0.08     0.08     0.10      6    
rgb_data[14]      5      1     0.08     0.08     0.08     0.08     0.08     0.10      6    
rgb_data[15]      5      1     0.08     0.08     0.08     0.08     0.08     0.10      6    
rgb_data[16]      5      1     0.08     0.08     0.08     0.08     0.08     0.10      6    
rgb_data[17]      5      1     0.08     0.08     0.08     0.08     0.08     0.10      6    
rgb_data[18]      5      1     0.08     0.08     0.08     0.08     0.08     0.10      6    
rgb_data[19]      5      1     0.08     0.08     0.08     0.08     0.08     0.10      6    
rgb_data[20]      5      1     0.08     0.08     0.08     0.08     0.08     0.10      6    
rgb_data[21]      5      1     0.08     0.08     0.08     0.08     0.08     0.10      6    
rgb_data[22]      5      1     0.08     0.08     0.08     0.08     0.08     0.10      6    
rgb_data[23]      5      1     0.08     0.08     0.08     0.08     0.08     0.10      6    
state[0]      4      1     0.08     0.08     0.08      0.08      0.08      0.08       5    
write      1      1      0.01      0.01      0.01      0.01      0.01      0.01       2    
-----------------------------------------------------------------------------------------------
Total 689 nets   1657    689    25.15    25.11    25.13    25.11    25.13    27.59   2346
Maximum    238      1     2.14     2.14      2.14      2.14      2.14      2.32     239
Average   2.40   1.00     0.04     0.04      0.04      0.04      0.04      0.04    3.40
1
